                                        BUDGET SUMMARY
                                            DEBT SERVICE BUDGET


                        FY2025-26                                                   FY2026-27
    Principal            Interest            Total              Principal            Interest             Total


$     290,000.00    $     257,800.00    $     547,800.00    $     285,000.00    $     246,300.00    $     531,300.00
    2,943,740.00          933,257.00        3,876,997.00        3,068,154.00          813,019.00        3,881,173.00
      730,000.00        1,848,050.00        2,578,050.00          765,000.00        1,811,550.00        2,576,550.00
       90,759.00            7,462.00           98,221.00           20,758.00            5,435.00           26,193.00
                -                   -                   -                   -                   -                  -


                -                   -                   -                   -                   -                  -
      989,284.00           81,073.00        1,070,357.00        1,060,858.00           54,609.00        1,115,467.00
$   5,043,783.00    $   3,127,642.00    $   8,171,425.00    $   5,199,770.00    $   2,930,913.00    $   8,130,683.00




      189,377.00          117,707.00          307,084.00          198,719.00          109,946.00          308,665.00
       38,864.00            3,185.00           42,049.00           41,676.00            2,145.00           43,821.00


      276,884.00           68,036.00          344,920.00          288,123.00           56,736.00          344,859.00
$     505,125.00    $     188,928.00    $     694,053.00    $     528,518.00    $     168,827.00    $     697,345.00
$   5,548,908.00    $   3,316,570.00    $   8,865,478.00    $   5,728,288.00    $   3,099,740.00    $   8,828,028.00



           Airport Fund                              Water Fund                             Grand Total

    Principal            Interest           Principal           Interest            Principal           Interest
$        228,241    $        120,892    $       276,884     $         68,036    $      5,548,907    $      3,316,570
         240,395             112,090            288,128               56,735           5,728,293           3,099,738
         251,546             102,864            299,840               44,976           6,006,336           2,874,622
         228,923              93,498            312,021               32,739           5,426,646           2,645,577
         222,434              84,686            324,671               20,005           5,235,759           2,430,892
         857,682             310,612            337,789                6,756          13,717,132           9,880,559
         938,106             138,981                                                  12,500,000           7,314,950
         210,156                4,203                                                  9,965,000           4,842,725
                                                                                      10,185,000           2,700,413
                                                                                       4,805,000             354,169
$      3,177,483    $        967,826    $      1,839,333    $        229,247    $     79,118,073    $     39,460,215




                                              BUDGET FY 2025-27                                             Page 77
