                                                                                                                                                                                                             City of Livermore
                                                                                                                                                                                               Changes in Net Position
                                                                                                                                                                    Last Ten Fiscal Years (Accrual Basis of Accounting)


                                                                                                             Changes in Net Position
                                                                                                              Last Ten Fiscal Years
                                                                                                          (accrual basis of accounting)


                                                          2016               2017 *               2018              2019              2020              2021               2022              2023              2024              2025
Expenses
Governmental activities
 General Government                                 $    11,433,092     $    11,513,994     $    15,729,502   $    18,619,685   $    23,532,602   $    15,550,878    $    14,261,204   $    15,486,750   $    19,629,578   $    22,450,983
 Fire                                                    17,222,099          23,553,737          25,472,063        20,854,960        21,975,048        24,427,677         21,113,001        25,376,744        28,701,042        28,525,529
 Police                                                  29,624,394          32,703,145          36,741,948        37,862,170        37,301,780        40,395,532         38,985,776        40,999,419        41,272,623        45,986,717
 Public Works                                            14,985,937          18,116,391          19,060,229        19,290,328        19,665,609        21,662,957         23,798,519        21,412,309        25,620,346        32,286,455
 Community Development                                   27,302,011          22,044,584          20,012,366        36,444,392        32,628,435        24,802,552         26,558,158        21,514,818        33,484,650        27,116,240
 Economic Development                                             -           2,353,896           2,165,309         2,820,265         2,805,692         4,418,752          2,596,471         2,901,245         3,219,699         4,245,452
 Library                                                  4,886,840           5,858,998           6,214,109         6,341,564         6,349,762         6,303,545          6,302,537         6,913,509         8,758,604         9,485,486
 Interest on long term debt                               1,033,661           1,266,179           1,270,061         1,397,328         1,682,372         1,219,276          1,127,846         2,779,617         2,755,773         2,575,691
Total governmental activities expenses                  106,488,034         117,410,924         126,665,587       143,630,692       145,941,300       138,781,169        134,743,512       137,384,411       163,442,315       172,672,553

Business-type activities:
 Airport                                                  3,870,139           7,017,908           3,016,304         3,504,956         4,250,953         4,022,246          3,498,840         3,030,841         3,417,759         3,205,408
 Water                                                   10,996,708          13,884,791          14,701,669        15,934,857        15,625,538        18,821,642         17,126,698        18,333,679        19,510,518        20,575,246
 Sewer                                                   25,293,809          24,879,897          21,824,590        24,081,018        24,049,671        24,026,163         23,822,392        25,174,657        27,057,675        27,389,268
 Stormwater                                                       -                   -           4,572,368         6,215,290         5,157,718         5,341,864          5,075,457         5,282,516         7,534,272         5,585,156
 Las Positas                                              3,204,730           2,935,020           3,025,888         1,986,853                 -                 -                -                 -                 -                 -
 Springtown                                                 105,030                   -                   -                 -                 -                 -                -                 -                 -                 -
Total business-type activities expenses                  43,470,416          43,470,416          48,717,616        47,140,819        51,722,974        49,083,880         52,211,915        49,523,387        57,520,224        56,755,078
Total primary government expenses                   $ 149,958,450       $ 160,881,340       $ 175,383,203     $ 190,771,511     $ 197,664,274     $ 187,865,049      $ 186,955,427     $ 186,907,798     $ 220,962,539     $ 229,427,631

* Starting fiscal year 2017, City Clerk is presented as a part of Administrative Services                                                                                                                                      (Continued)
* Starting fiscal year 2018, Stormwater is presented separately from Sewer




                                                                                                                                                                                                                                        131
