                                                                                                                                                                                                   City of Livermore
                                                                                                                                                                                     Changes in Net Position
                                                                                                                                                          Last Ten Fiscal Years (Accrual Basis of Accounting)


                                                                                                    Changes in Net Position
                                                                                                     Last Ten Fiscal Years
                                                                                                 (accrual basis of accounting)


                                                       2016            2017 *            2018             2019              2020              2021              2022                 2023            2024               2025
Program Revenues
Governmental activities:
 Charges for services:
   General Government                             $      855,888   $    1,534,690   $    2,009,308   $    1,598,885    $    1,502,556    $    1,203,282    $      682,277       $      897,891       $507,694      $      205,543
   Fire                                                1,822,267        1,813,604        2,560,405          767,507         1,339,356         1,150,341         2,202,529            1,125,366       1,328,778          3,485,865
   Police                                              1,718,669        1,596,383        1,866,310        1,936,452         1,781,262         1,664,591         1,848,328            1,287,389       1,687,073          1,736,576
   Public Works                                          220,715          253,942          214,104          319,336           237,566           237,986           240,778              249,909         352,778          6,124,547
   Community Development                              19,070,042       13,679,642       12,374,344        8,685,435        12,068,342         9,082,146        11,234,653           13,154,684      12,406,533         23,101,382
   Economic Development                                        -                -                -                -                 -                 -                 -                    -               -            345,821
   Library                                               113,218          109,423          106,819          102,007            29,584               935             5,257               10,508           9,327             85,196
   Redevelplment                                               -                -                -                -                 -                 -                 -                    -               -                  -
 Operating grants and contributions                   14,034,381       10,152,472       17,851,251       14,944,050        16,349,423        19,784,517        17,750,934           15,797,120      12,223,300         29,980,526
 Capital grants and contributions                     21,329,334       10,968,620       22,984,924       11,646,318        12,379,725         9,478,790         4,947,988            3,300,912       9,990,971          5,252,187
Total governmental activities program revenues        59,164,514       40,108,776       59,967,465       39,999,990        45,687,814        42,602,588        38,912,744           35,823,779      38,506,454         70,317,643

Business-type activities:
 Charges for services:
   Airport                                             4,671,643        3,989,363        3,638,327        3,949,727         3,988,814         3,807,332         3,426,583            3,542,766       3,701,340          3,904,909
   Water                                              12,567,619       13,790,365       15,088,661       14,871,772        16,757,972        17,610,383        17,640,764           17,392,495      18,401,633         20,096,890
   Sewer                                              22,853,237       20,438,612       21,391,758       22,944,348        24,535,578        25,604,994        28,379,195           30,144,505      35,910,036         33,291,598
   Stormwater                                                                   -        1,112,473        1,136,319         1,137,063         1,134,233         1,145,489            1,154,925       1,156,367          1,159,080
   Las Positas                                         3,016,898        2,636,577        2,733,407        1,628,472               -                   -                     -                -               -                  -
   Springtown                                              3,694                -                -                -                 -                 -                     -                -               -                  -
 Operating grants and contributions                            -        3,079,962         199,428           643,541                 -          374,526           512,162              568,394          836,720           470,085
 Capital grants and contributions                        50,450         4,269,465        7,025,848        7,342,209         7,381,049         2,988,779         1,679,990            2,710,316       2,332,386          9,182,517
Total business-type activities program revenues       43,163,541       48,204,344       51,189,902       52,516,388        53,800,476        51,520,247        52,784,183           55,513,401      62,338,482         68,105,079
Total primary government program revenues         $ 102,328,055    $   88,313,120   $ 111,157,367    $   92,516,378    $   99,488,290    $   94,122,835    $   91,696,927       $   91,337,180   $ 100,844,936     $ 138,422,722

Net (Expense) Revenue
Governmental activities                           $ (47,323,520)   $ (77,302,148)   $ (66,698,122)   $ (103,630,702)   $ (100,253,486)   $ (96,178,581)    $ (95,830,768)       $ (95,830,768)   $ (124,935,861)   $ (102,354,910)
Business-type activities                               (306,875)       4,733,928        2,472,286         5,375,569         2,077,502        2,436,367           572,268            3,260,796         4,818,258        11,350,001

Total primary government net expenses             $ (47,630,395)   $ (72,568,220)   $ (64,225,836)   $ (98,255,133)    $ (98,175,984)    $ (93,742,214)    $ (95,258,500)       $ (92,569,972)   $ (120,117,603)   $ (91,004,909)
                                                                                                                                                                                                                     (Continued)


                                                                                                                                                                                                                               132
