                                                                                                                                                                  City of Livermore
                                                                                                                                                             Taxable Sales by Category
                                                                                                                                                                  Last Ten Fiscal Years


                                                                             TAXABLE SALES BY CATEGORY *
                                                                               LAST TEN CALENDAR YEARS
                                                                                     (In thousands)


        Business Type            2015            2016            2017            2018            2019            2020            2021            2022              2023            2024

Apparel Stores               $    374,135    $    463,533    $    481,639    $    518,984    $    534,128    $    272,264    $    446,379    $    491,940     $     520,827    $    520,290
General Merchandise               237,252         239,903         248,531         256,781         264,587         231,840         267,865         292,341           280,798         270,512
Food Stores                        43,382          44,270          44,271          45,206          44,334          48,146          46,423          47,106            46,902          46,708
Eating and Drinking Places        176,523         193,331         200,835         209,541         217,431         161,627         218,223         247,799           259,776         270,484
Building Materials                211,876         223,778         242,577         263,116         244,488         252,777         295,803         314,489           283,187         253,896
Auto Dealers and Supplies         447,076         454,236         468,415         469,931         512,168         402,481         415,633         433,801           397,048         369,440
Service Stations                  160,878         150,389         168,825         199,928         193,527         135,983         190,717         227,080           208,246         204,386
Other Retail Stores               208,524         218,332         218,677         227,634         225,905         183,504         213,529         233,459           229,130         217,865
All Other Outlets                 575,804         579,353         715,998         767,406         773,622         741,580         845,784        1,703,226         1,705,814       1,814,241
              Total          $   2,435,450   $   2,567,125   $   2,789,768   $   2,958,527   $   3,010,190   $   2,430,202   $   2,940,356   $   3,991,241    $    3,931,728   $   3,967,822




                                                                                                                                                                                       137
